0704.2542
0704.3643
0704.3662
0705.0025
0705.0599
0705.1395
0706.0507
0706.1087
0706.1162
0706.1780
0706.3165
0707.1480
0707.1618
0707.3638
0708.0598
0708.0877
0708.1624
0708.1725
0708.3341
0708.3505
0708.3575
0708.3580
0708.3740
0708.3742
0708.4082
0709.0178
0709.0370
0709.0426
0709.0428
0709.1056
0710.0842
0710.0847
0710.0859
0710.4999
0711.1226
0711.1227
0711.2239
0711.2486
0711.2760
0711.2811
0711.2971
0712.1759
0712.1768
0712.1800
0712.2168
0712.2183
0712.3215
0712.3433
0801.1033
0801.1925
0801.1927
0801.3102
0801.3114
0801.4274
0801.4423
0802.3476
0802.3477
0802.3478
0802.3479
0802.3480
0802.3481
0802.3483
0802.3919
0802.3924
0802.3939
0803.0164
0803.0165
0803.0166
0803.0167
0803.0168
0803.0169
0803.0515
0803.1104
0803.1716
0803.1754
0803.1862
0803.1866
0803.1875
0803.2527
0803.3186
0803.3394
0803.4018
0804.0556
0804.0937
0804.0941
0804.0943
0804.2614
0804.2844
0804.2851
0804.4885
0805.1741
0805.2189
0806.0172
0806.0182
0806.0189
0806.0314
0807.2628
0807.2836
0807.2993
0807.2997
0807.3168
0807.3183
0807.3184
0807.3186
0807.4618
0807.4623
0809.0461
0809.0884
0809.1019
0809.3447
0809.3571
0809.3595
0809.3597
0809.3612
0810.3076
0810.4431
0810.4884
0811.1974
0812.0874
0901.0498
0901.3839
0902.1104
0903.1788
0903.4261
0904.0719
0904.2096
0905.0200
0905.0203
0905.0484
0905.3070
0905.4864
0906.2307
0906.3224
0906.4125
0907.1245
0907.1251
0907.5500
0908.0928
0908.0930
0908.0932
0908.0935
0908.1186
0908.1189
0908.1191
0908.1580
0908.1584
0908.3022
0908.3361
0908.3362
0908.3523
0908.4374
0909.0237
0909.1138
0909.2185
0909.2450
0909.2455
0909.3158
0910.5386
0911.0039
0911.0838
0911.1288
0911.1647
0911.3644
0911.5404
0911.5652
0912.0433
0912.1019
0912.1810
0912.1838
0912.2479
0912.2706
0912.4882
0912.5343
1001.0418
1001.0420
1001.0627
1001.0642
1001.1685
1001.3150
1001.3967
1002.1099
1002.2191
1002.2415
1002.3770
1003.2456
1003.2660
1003.4924
1003.5325
1004.0243
1004.0248
1004.0256
1004.0258
1004.0259
1004.0438
1004.2222
1004.2931
1005.1200
1005.1340
1005.3182
1005.4028
1005.4564
1006.3688
1006.4539
1006.5024
1007.3633
1007.5158
1007.5171
1008.1322
1008.1338
1008.2437
1008.4929
1009.4979
1009.4980
1009.4992
1009.5701
1009.5918
1010.2706
1010.3325
1010.5854
1011.1560
1011.2042
1011.2538
1011.3099
1011.3257
1011.4147
1011.5325
1011.5435
1011.5459
1012.0467
1012.1623
1012.1671
1012.2832
1012.4559
1101.0234
1101.0235
1101.1606
1101.1608
1101.3836
1102.1152
1102.3325
1102.3865
1103.0405
1103.1134
1103.2063
1103.5035
1104.1477
1104.4586
1104.5377
1105.0491
1105.1293
1105.2095
1105.2890
1105.6020
1106.0868
1106.1105
1106.1583
1106.3369
1106.5100
1106.5308
1107.3893
1107.4217
1109.1454
1109.2997
1109.5034
1109.5323
1109.6288
1110.0436
1110.0578
1110.0864
1110.2096
1110.2520
1110.3126
1110.6200
1111.1103
1111.1842
1111.5500
1112.1742
1112.2302
1112.4190
1112.4191
1112.6098
1201.3172
1201.3881
1201.3883
1201.4279
1201.6251
1202.2158
1202.3872
1202.3919
1202.3926
1202.6104
1202.6106
1202.6517
1203.1468
1203.1897
1203.3316
1203.3574
1203.3613
1203.3660
1203.6339
1204.2138
1204.3491
1204.4332
1204.5267
1204.6325
1205.0751
1205.2476
1205.3205
1205.4653
1205.4776
1205.4944
1206.0302
1206.1968
1206.3001
1206.4206
1206.6222
1207.0657
1207.1818
1207.1820
1207.1821
1207.1894
1207.3422
1207.4776
1207.5720
1208.0408
1208.0590
1208.1679
1208.3323
1208.5024
1208.6057
1209.0490
1209.0578
1209.1859
1209.2244
1209.3155
1209.3650
1209.4982
1209.6140
1210.2942
1210.2943
1210.2945
1210.2959
1211.0886
1211.1634
1211.2412
1211.2737
1211.4500
1211.4986
1211.5577
1211.6411
1211.6706
1211.6709
1211.6711
1211.6712
1211.6799
1212.0169
1212.0469
1212.0647
1212.1849
1212.1986
1301.0043
1301.0573
1301.5398
1301.7643
1302.1649
1302.2759
1302.3209
1302.3545
1302.3820
1302.3862
1302.3912
1302.5177
1302.5490
1302.5491
1302.5497
1303.2292
1303.3134
1304.0357
1304.1332
1304.2610
1304.3940
1304.6499
1304.6626
1304.8013
1305.0625
1305.1925
1305.4148
1305.5670
1305.5950
1305.6332
1306.1630
1306.1746
1306.1752
1306.2356
1306.2404
1306.3767
1306.4094
1306.5279
1307.0951
1307.1542
1307.1943
1307.2018
1307.2191
1307.3015
1307.3164
1307.3166
1307.3174
1307.5260
1307.5423
1307.5426
1307.5431
1307.6369
1307.6372
1307.6378
1308.0322
1308.0372
1308.0762
1308.3745
1308.3924
1308.4965
1308.5841
1308.6368
1309.0185
1309.1792
1309.2152
1309.4508
1309.5735
1310.1758
1310.2102
1310.3070
1310.3111
1310.3115
1310.3140
1310.3145
1310.3165
1310.3268
1310.3849
1310.3850
1310.4392
1310.5850
1310.8115
1310.8585
1311.0527
1311.0529
1311.0663
1311.0709
1311.1132
1311.2222
1311.3371
1311.3672
1311.4349
1311.4658
1311.5426
1311.5434
1311.5757
1311.5880
1312.4322
1312.4640
1312.4706
1312.5547
1312.7076
1312.7444
1401.0585
1401.0598
1401.1031
1401.1486
1401.1690
1401.1752
1401.3090
1401.3519
1401.5111
1401.5181
1401.5289
1401.7193
1401.7735
1401.7821
1402.0200
1402.0672
1402.0693
1402.1001
1402.1036
1402.1037
1402.1243
1402.1296
1402.1324
1402.2149
1402.4410
1402.4724
1402.5045
1402.5047
1402.5187
1402.5255
1403.1070
1403.4722
1403.5058
1403.5802
1403.5912
1403.6669
1403.6823
1403.7421
1404.0934
1404.1320
1404.1664
1404.1911
1404.2364
1404.2742
1404.5248
1404.6222
1404.6745
1404.6747
1404.6750
1404.6752
1404.6754
1404.6756
1404.6757
1404.6761
1404.6764
1404.6765
1404.6771
1404.6773
1404.6776
1404.6779
1404.6782
1404.6938
1404.7120
1404.7121
1405.0101
1405.0910
1405.3758
1405.4013
1405.4354
1405.4989
1405.5249
1405.5263
1405.5523
1405.6627
1406.0370
1406.0532
1406.1907
1406.2775
1406.2895
1406.3002
1406.3117
1406.3225
1406.3561
1406.4803
1406.5581
1406.5765
1407.0153
1407.0377
1407.0434
1407.0566
1407.0843
1407.2117
1407.2807
1407.3692
1407.3757
1407.3948
1407.3950
1407.4395
1407.4409
1407.4705
1407.5145
1407.5527
1407.5903
1407.7131
1407.7143
1407.7277
1407.7313
1407.8004
1407.8007
1408.1173
1408.2476
1408.2852
1408.4067
1408.5573
1408.6290
1408.6621
1408.6926
1409.0052
1409.0128
1409.1981
1409.2153
1409.2208
1409.2897
1409.3174
1409.3554
1409.3993
1409.5282
1409.5758
1409.6678
1409.6680
1409.8280
1410.1087
1410.1648
1410.2828
1410.5907
1410.7670
1410.8221
1411.1316
1411.2190
1411.2878
1411.4726
1411.5137
1411.5394
1411.7090
1411.7960
1412.0197
1412.1180
1412.1424
1412.1772
1412.1790
1412.2122
1412.3768
1412.4179
1412.5583
1412.6079
1412.6140
1412.6378
1412.6605
1412.7677
1412.7932
1501.00529
1501.02134
1501.02661
1501.03218
1501.04143
1501.04155
1501.04156
1501.04301
1501.04792
1501.05297
1501.05696
1501.06313
1502.00317
1502.02796
1502.03530
1502.03678
1502.03723
1502.04245
1502.04326
1502.04485
1502.04744
1502.06792
1502.07762
1502.07792
1503.00561
1503.00582
1503.01145
1503.01732
1503.01850
1503.01895
1503.02314
1503.03400
1503.03403
1503.03614
1503.04375
1503.04973
1503.05959
1503.06300
1503.06958
1503.07001
1503.07401
1503.07716
1503.08398
1503.08866
1504.00747
1504.01025
1504.01030
1504.01049
1504.01051
1504.02134
1504.02218
1504.02356
1504.03370
1504.03371
1504.03425
1504.03731
1504.04309
1504.06359
1504.06966
1504.07844
1504.08145
1505.00092
1505.00111
1505.00489
1505.01311
1505.01319
1505.05788
1505.06532
1505.07096
1505.07267
1505.07310
1505.07395
1505.07396
1505.07398
1505.07522
1505.07783
1505.07940
1506.00176
1506.00930
1506.01943
1506.01976
1506.02200
1506.02245
1506.04333
1506.05573
1506.07272
1506.08754
1506.09191
1507.01057
1507.01147
1507.01148
1507.01284
1507.01285
1507.01292
1507.01299
1507.01300
1507.01305
1507.01677
1507.01882
1507.03482
1507.04441
1507.05215
1507.06136
1507.06469
1507.06956
1507.08137
1508.00375
1508.02024
1508.02823
1508.02982
1508.03653
1508.03725
1508.04131
1508.04789
1508.07053
1509.00159
1509.01338
1509.01662
1509.01872
1509.01876
1509.02739
1509.03026
1509.04360
1509.05452
1509.06109
1509.06293
1509.06774
1509.06776
1509.06783
1509.07543
1509.07642
1509.08257
1510.00244
1510.00519
1510.01050
1510.01425
1510.01665
1510.01942
1510.02196
1510.04221
1510.04802
1510.04825
1510.05069
1510.05192
1510.05879
1510.06714
1510.06769
1510.07262
1510.07263
1510.07382
1510.07545
1510.08282
1511.02590
1511.03193
1511.03603
1511.04308
1511.04750
1511.05672
1511.05737
1511.06053
1511.06510
1511.07500
1511.08464
1511.08844
1512.00296
1512.01058
1512.01872
1512.02921
1512.02922
1512.03199
1512.04334
1512.05471
1512.05497
1512.07487
1512.07563
1512.07592
1512.08321
1512.09163
1601.00481
1601.01092
1601.01497
1601.01645
1601.01747
1601.01815
1601.02071
1601.02197
1601.02644
1601.02768
1601.03022
1601.03192
1601.04029
1601.04066
1601.04436
1601.05483
1601.06128
1601.06230
1601.06359
1601.06869
1601.06906
1601.07229
1601.07250
1601.07264
1601.08030
1601.08032
1601.08059
1602.00238
1602.00801
1602.00804
1602.00831
1602.00904
1602.01944
1602.03277
1602.03742
1602.03757
1602.04506
1602.04841
1602.05751
1602.06401
1602.06634
1602.06678
1602.06700
1602.06977
1602.07063
1602.07185
1602.07199
1602.07388
1602.08225
1602.08237
1602.08358
1602.08750
1603.00441
1603.00532
1603.01367
1603.01369
1603.02609
1603.02642
1603.02869
1603.03251
1603.03795
1603.04581
1603.04620
1603.04781
1603.04931
1603.04990
1603.05901
1603.06243
1603.06674
1603.06996
1603.07462
1603.08103
1603.08308
1603.08735
1603.08973
1603.09520
1603.09533
1604.00080
1604.00417
1604.01331
1604.01574
1604.01797
1604.01985
1604.02005
1604.02287
1604.02935
1604.04389
1604.04749
1604.05479
1604.05572
1604.05793
1604.05797
1604.05957
1604.06157
1604.06158
1604.06159
1604.06252
1604.07660
1604.08239
1604.08284
1604.08322
1604.08620
1605.00284
1605.00807
1605.00910
1605.01148
1605.01919
1605.03478
1605.03757
1605.03915
1605.04533
1605.05120
1605.05122
1605.05224
1605.05528
1605.06043
1605.07722
1605.07733
1605.07760
1605.08035
1605.08117
1605.08261
1605.08485
1605.08548
1605.08749
1605.08841
1605.09432
1605.09678
1605.09769
1606.00370
1606.00401
1606.02427
1606.02438
1606.02552
1606.02711
1606.02807
1606.03236
1606.03713
1606.04033
1606.04165
1606.04836
1606.04929
1606.05017
1606.05374
1606.06702
1606.06840
1606.06979
1606.07247
1606.07487
1606.07781
1606.07841
1606.08065
1606.08528
1606.09610
1607.01075
1607.01076
1607.01077
1607.01443
1607.01752
1607.02174
1607.02652
1607.02660
1607.03366
1607.03401
1607.03417
1607.03578
1607.03922
1607.04765
1607.05028
1607.05162
1607.05174
1607.05654
1607.05895
1607.05946
1607.06232
1607.06264
1607.06359
1607.06587
1607.06671
1607.06878
1607.06896
1607.06979
1607.07429
1607.07796
1608.00447
1608.02657
1608.02661
1608.02829
1608.02991
1608.03061
1608.03430
1608.03569
1608.04162
1608.04652
1608.06986
1608.07192
1608.07323
1608.08041
1608.08353
1608.08492
1608.08807
1608.08936
1608.08953
1609.00183
1609.00439
1609.00754
1609.00945
1609.01017
1609.01070
1609.01309
1609.01348
1609.01382
1609.01408
1609.01409
1609.01484
1609.01614
1609.02016
1609.02182
1609.02339
1609.03035
1609.03050
1609.03191
1609.03224
1609.03283
1609.03695
1609.04652
1609.04656
1609.04657
1609.04855
1609.05268
1609.05283
1609.05329
1609.05641
1609.05763
1609.06479
1609.07342
1609.07343
1609.07688
1609.08345
1609.08535
1609.08881
1609.09578
1609.09761
1610.00171
1610.00214
1610.00760
1610.02276
1610.02442
1610.02445
1610.02857
1610.03704
1610.04141
1610.04429
1610.04758
1610.04967
1610.05377
1610.05455
1610.05463
1610.06106
1610.06633
1610.07577
1610.07758
1610.08216
1610.09514
1610.09743
1610.10056
1611.00379
1611.00872
1611.01152
1611.01549
1611.01572
1611.01817
1611.02459
1611.02666
1611.02682
1611.03202
1611.03354
1611.03906
1611.04833
1611.06292
1611.06587
1611.07135
1611.07139
1611.08154
1611.08492
1611.08520
1611.09427
1612.00203
1612.00653
1612.00985
1612.01067
1612.01070
1612.02172
1612.02314
1612.03640
1612.04598
1612.05083
1612.05922
1612.06114
1612.06189
1612.07303
1612.07677
1612.07714
1612.07778
1612.08117
1612.09352
1701.00487
1701.01644
1701.01793
1701.02369
1701.02586
1701.03839
1701.03963
1701.03968
1701.03981
1701.05248
1701.05921
1701.05924
1701.06207
1701.06270
1701.06412
1701.06718
1701.06745
1701.07083
1701.07124
1701.07290
1701.07381
1701.07765
1701.08465
1701.08471
1701.08879
1702.00112
1702.00210
1702.01745
1702.02178
1702.03109
1702.04537
1702.05150
1702.05250
1702.05957
1702.06236
1702.06491
1702.06492
1702.07011
1702.07099
1702.07445
1702.07480
1702.08072
1702.08826
1703.00492
1703.00549
1703.00556
1703.00818
1703.01377
1703.02103
1703.02227
1703.02365
1703.02929
1703.02938
1703.02968
1703.03156
1703.03437
1703.04150
1703.04574
1703.05462
1703.05616
1703.05700
1703.05834
1703.06317
1703.07187
1703.07534
1703.07869
1703.08288
1703.08428
1703.08717
1703.09468
1703.09662
1703.09847
1703.09934
1704.00972
1704.01570
1704.01942
1704.02841
1704.03521
1704.03627
1704.03949
1704.05841
1704.05915
1704.06127
1704.06399
1704.07480
1704.08533
1704.08735
1705.00204
1705.02694
1705.02823
1705.03227
1705.03228
1705.03259
1705.03507
1705.03691
1705.03973
1705.04683
1705.05142
1705.05206
1705.05283
1705.05546
1705.05613
1705.06694
1705.07273
1705.07490
1705.07589
1705.07771
1705.08012
1705.09222
1705.11181
1706.00056
1706.00069
1706.00070
1706.00176
1706.01123
1706.01248
1706.01521
1706.01523
1706.01919
1706.02149
1706.02499
1706.02542
1706.02637
1706.03249
1706.03311
1706.03851
1706.04427
1706.04524
1706.05286
1706.05718
1706.06176
1706.06579
1706.06954
1706.08096
1706.08205
1706.08274
1706.08319
1706.08461
1706.08467
1706.08866
1706.09089
1706.09554
1706.09855
1706.10060
1706.10097
1706.10177
1707.00018
1707.00375
1707.01204
1707.01627
1707.01848
1707.01890
1707.01895
1707.02654
1707.02698
1707.03540
1707.03742
1707.03751
1707.03753
1707.04281
1707.04790
1707.04792
1707.04935
1707.05015
1707.05645
1707.05754
1707.05768
1707.05859
1707.06105
1707.06209
1707.06691
1707.06939
1707.07672
1707.07887
1707.07935
1707.08011
1707.08019
1707.08287
1707.08569
1707.08949
1707.09487
1707.09599
1707.09728
1708.00076
1708.00885
1708.00908
1708.00931
1708.01377
1708.01465
1708.01640
1708.01817
1708.01944
1708.02174
1708.02214
1708.02363
1708.02660
1708.02664
1708.02895
1708.02924
1708.03044
1708.03462
1708.03783
1708.03786
1708.03892
1708.04139
1708.04399
1708.04418
1708.04636
1708.04653
1708.04656
1708.05006
1708.05073
1708.05085
1708.05122
1708.05174
1708.05688
1708.05805
1708.05905
1708.06026
1708.06207
1708.06578
1708.06664
1708.07123
1708.07762
1708.08033
1708.08729
1708.08735
1708.09540
1708.09654
1708.09662
1708.09706
1709.00098
1709.00111
1709.00293
1709.00665
1709.00698
1709.00904
1709.00927
1709.00965
1709.00966
1709.01007
1709.01020
1709.01188
1709.01293
1709.01613
1709.01683
1709.01684
1709.01796
1709.02014
1709.02414
1709.02482
1709.02737
1709.02739
1709.03252
1709.03495
1709.03717
1709.04299
1709.04453
1709.04574
1709.05298
1709.05723
1709.05828
1709.06067
1709.08546
1709.08820
1709.08945
1709.08957
1709.09077
1709.09148
1709.09359
1709.09733
1709.09931
1709.10257
1709.10299
1709.10460
1709.10513
1710.00069
1710.00171
1710.00274
1710.00366
1710.00397
1710.00992
1710.01772
1710.01778
1710.01832
1710.01842
1710.02173
1710.02599
1710.03088
1710.03299
1710.03320
1710.03755
1710.03889
1710.04044
1710.04205
1710.04486
1710.04608
1710.04881
1710.05044
1710.05319
1710.05604
1710.06291
1710.06615
1710.06654
1710.06925
1710.07029
1710.07322
1710.07631
1710.07899
1710.07941
1710.08217
1710.08390
1710.08788
1710.09901
1710.11429
1711.00218
1711.00714
1711.01224
1711.02068
1711.02128
1711.04216
1711.04513
1711.04695
1711.05016
1711.05017
1711.05233
1711.05962
1711.06068
1711.06134
1711.06149
1711.06259
1711.06328
1711.06553
1711.06953
1711.07154
1711.07462
1711.07574
1711.07661
1711.08019
1711.08566
1711.09206
1711.09562
1711.10171
1711.10746
1711.11074
1711.11205
1711.11243
1711.11319
1711.11368
1711.11502
1712.00048
1712.00088
1712.00146
1712.00334
1712.00715
1712.00750
1712.02007
1712.02033
1712.02548
1712.03012
1712.03121
1712.03329
1712.03650
1712.04202
1712.04260
1712.04314
1712.04652
1712.04798
1712.05570
1712.05944
1712.06179
1712.06933
1712.07029
1712.07120
1712.07610
1712.08084
1712.09929
1712.10073
1801.00061
1801.00184
1801.01237
1801.01565
1801.02546
1801.02668
1801.02691
1801.02862
1801.03261
1801.03650
1801.03829
1801.04069
1801.04457
1801.04829
1801.05075
1801.05076
1801.05085
1801.05100
1801.05469
1801.05972
1801.06011
1801.06349
1801.06352
1801.06889
1801.07168
1801.07185
1801.07189
1801.07207
1801.07618
1801.07633
1801.08024
1801.08379
1801.08607
1801.08997
1801.09626
1801.10249
1801.10408
1802.00029
1802.00264
1802.00272
1802.00507
1802.00613
1802.00626
1802.01489
1802.01713
1802.01924
1802.02565
1802.03051
1802.03109
1802.03852
1802.03996
1802.04090
1802.04286
1802.04995
1802.05101
1802.05316
1802.05534
1802.05568
1802.05735
1802.05892
1802.05895
1802.06180
1802.07578
1802.07852
1802.08182
1802.08345
1802.08621
1802.09012
1802.09055
1802.09172
1802.09307
1802.09522
1802.10079
1802.10121
1802.10237
1802.10503
1803.00296
1803.00459
1803.00757
1803.01145
1803.01166
1803.01256
1803.01469
1803.01537
1803.01645
1803.01660
1803.01662
1803.02097
1803.02307
1803.02543
1803.02952
1803.03092
1803.03093
1803.03430
1803.04074
1803.04099
1803.04713
1803.04818
1803.04968
1803.05032
1803.05073
1803.05181
1803.05434
1803.05714
1803.05805
1803.06032
1803.06174
1803.06213
1803.06625
1803.07738
1803.07782
1803.07947
1803.08067
1803.08264
1803.08383
1803.08395
1803.08420
1803.08986
1803.09152
1803.09461
1803.09814
1803.09861
1803.10530
1803.11046
1803.11280
1803.11283
1803.11300
1804.00229
1804.00656
1804.00974
1804.01382
1804.02329
1804.02462
1804.02527
1804.02657
1804.02677
1804.02813
1804.02960
1804.03048
1804.03126
1804.03211
1804.03258
1804.03261
1804.03263
1804.03293
1804.03307
1804.04111
1804.04256
1804.04833
1804.04855
1804.04946
1804.05021
1804.05821
1804.06339
1804.06550
1804.06948
1804.08386
1804.08458
1804.08732
1804.08737
1804.08895
1804.09452
1804.10201
1804.10202
1804.10381
1804.10392
1804.10651
1804.10685
1804.10861
1804.10999
1804.11247
1805.00307
1805.00789
1805.00823
1805.00901
1805.01512
1805.01515
1805.01819
1805.02249
1805.02399
1805.02489
1805.02492
1805.02711
1805.02787
1805.03168
1805.03329
1805.03491
1805.03563
1805.03709
1805.04157
1805.04986
1805.06284
1805.06427
1805.06652
1805.07064
1805.07233
1805.07793
1805.07907
1805.08014
1805.08367
1805.08418
1805.08420
1805.08480
1805.09012
1805.09109
1805.09192
1805.09322
1805.09454
1805.09635
1805.10723
1805.11352
1805.12346
1805.12376
1805.12473
1805.12475
1805.12539
1806.00006
1806.00154
1806.00567
1806.00812
1806.00923
1806.01041
1806.01499
1806.02689
1806.02720
1806.02973
1806.03023
1806.03671
1806.04236
1806.04298
1806.04471
1806.04724
1806.04776
1806.05426
1806.05949
1806.05983
1806.06084
1806.06454
1806.06670
1806.06771
1806.06905
1806.07055
1806.07108
1806.07805
1806.07806
1806.08039
1806.08332
1806.08479
1806.08518
1806.08648
1806.09115
1806.09256
1806.10658
1806.11046
1806.11060
1806.11291
1807.01106
1807.01597
1807.02164
1807.02268
1807.02386
1807.02472
1807.03713
1807.04184
1807.04191
1807.04343
1807.04469
1807.04606
1807.04966
1807.05759
1807.06641
1807.06706
1807.06729
1807.06913
1807.06924
1807.07047
1807.07173
1807.08189
1807.08775
1807.09069
1807.09074
1807.09490
1807.09739
1807.09825
1807.09837
1807.10444
1807.10986
1807.11123
1807.11322
1807.11752
1808.00356
1808.00388
1808.01640
1808.01680
1808.01745
1808.02444
1808.02502
1808.02785
1808.03413
1808.03977
1808.04414
1808.04819
1808.05127
1808.05359
1808.05852
1808.05853
1808.06019
1808.06055
1808.06080
1808.06211
1808.06322
1808.06679
1808.07645
1808.08081
1808.08138
1808.08157
1808.08208
1808.08711
1808.08713
1808.08954
1808.09068
1808.09074
1808.09094
1808.09145
1808.09296
1808.09735
1808.09852
1808.09885
1808.09900
1809.00172
1809.00270
1809.00375
1809.00395
1809.00620
1809.00661
1809.00740
1809.00928
1809.00929
1809.00947
1809.00949
1809.01581
1809.01587
1809.01952
1809.03650
1809.03920
1809.04103
1809.04177
1809.04208
1809.04254
1809.04507
1809.04549
1809.04777
1809.04794
1809.04857
1809.04931
1809.04945
1809.05352
1809.05491
1809.05500
1809.05585
1809.05635
1809.05833
1809.05837
1809.05839
1809.05869
1809.05911
1809.06172
1809.06535
1809.06673
1809.06675
1809.07166
1809.07593
1809.07829
1809.08177
1809.08585
1809.08632
1809.08640
1809.08817
1809.08884
1809.08888
1809.08893
1809.09293
1809.09328
1809.09417
1809.09664
1809.09738
1809.09846
1809.09948
1809.10782
1809.10944
1810.00161
1810.00267
1810.00358
1810.00462
1810.00931
1810.01007
1810.01070
1810.02223
1810.02445
1810.03019
1810.03145
1810.03163
1810.03428
1810.03856
1810.04144
1810.04668
1810.04673
1810.04877
1810.04943
1810.05798
1810.06828
1810.07294
1810.07841
1810.08666
1810.08691
1810.08707
1810.08812
1810.09159
1810.09634
1810.10581
1810.10733
1810.10743
1810.10771
1810.11009
1810.11063
1810.11094
1810.11143
1810.11593
1810.11748
1810.12379
1810.12627
1810.12644
1810.12718
1810.13028
1810.13206
1810.13251
1811.00101
1811.00981
1811.01033
1811.01106
1811.02163
1811.02164
1811.02218
1811.02391
1811.02795
1811.02848
1811.03046
1811.03180
1811.03401
1811.03541
1811.03566
1811.03621
1811.03888
1811.04272
1811.04631
1811.04797
1811.05083
1811.05299
1811.05364
1811.05902
1811.06040
1811.06858
1811.06874
1811.07162
1811.07206
1811.07243
1811.07271
1811.07273
1811.07463
1811.07473
1811.07547
1811.07690
1811.08006
1811.08244
1811.08460
1811.08639
1811.08762
1811.08833
1811.08854
1811.09776
1811.10111
1811.10120
1811.10123
1811.10817
1811.10819
1811.11316
1811.11839
1811.11943
1811.12199
1811.12476
1812.00048
1812.00148
1812.00263
1812.00836
1812.01499
1812.01638
1812.01706
1812.01766
1812.01777
1812.02197
1812.02357
1812.02522
1812.02736
1812.02782
1812.02867
1812.02945
1812.03066
1812.03125
1812.03200
1812.03219
1812.03220
1812.03325
1812.03364
1812.03441
1812.03660
1812.03880
1812.04406
1812.04408
1812.04478
1812.05239
1812.05767
1812.05945
1812.06051
1812.06128
1812.06147
1812.06337
1812.06525
1812.07143
1812.07339
1812.07653
1812.07941
1812.08000
1812.08032
1812.08335
1812.08660
1812.08842
1812.08989
1812.08996
1812.09628
1812.09835
1812.11090
1812.11423
1812.11622
1901.00234
1901.00350
1901.00552
1901.00715
1901.01001
1901.01422
1901.01920
1901.02198
1901.02839
1901.02949
1901.02957
1901.03329
1901.03442
1901.03532
1901.03536
1901.03793
1901.04194
1901.05050
1901.05835
1901.06237
1901.06417
1901.06525
1901.06572
1901.06601
1901.06681
1901.07151
1901.07694
1901.08289
1901.08325
1901.08335
1901.09224
1901.10245
1901.10449
1901.10461
1901.10720
1901.10906
1901.11358
1901.11528
1902.00157
1902.00570
1902.00607
1902.00757
1902.01117
1902.01564
1902.01721
1902.01800
1902.02635
1902.02757
1902.02842
1902.02960
1902.02996
1902.03184
1902.03239
1902.03322
1902.03527
1902.03529
1902.03541
1902.03722
1902.04393
1902.04573
1902.04752
1902.04929
1902.05361
1902.06019
1902.06193
1902.06384
1902.06442
1902.06671
1902.06961
1902.07057
1902.07071
1902.07403
1902.07480
1902.07683
1902.07704
1902.07705
1902.07769
1902.07807
1902.08068
1902.08327
1902.08740
1902.08990
1902.09022
1902.09289
1902.09749
1902.09944
1902.10223
1902.10699
1902.11216
1902.11247
1903.00185
1903.00213
1903.00283
1903.00438
1903.01210
1903.01219
1903.01333
1903.01345
1903.01808
1903.01831
1903.01968
1903.02446
1903.02612
1903.02723
1903.02978
1903.03168
1903.03265
1903.03268
1903.03272
1903.03369
1903.03446
1903.03700
1903.04047
1903.04084
1903.04882
1903.05251
1903.05448
1903.05636
1903.05757
1903.05875
1903.05941
1903.06643
1903.06656
1903.06657
1903.07032
1903.07033
1903.07110
1903.07136
1903.07195
1903.07766
1903.08454
1903.08524
1903.08592
1903.08644
1903.08915
1903.09113
1903.09530
1903.09623
1903.09708
1903.09709
1903.09866
1903.10512
1903.11054
1903.11297
1903.11485
1903.11567
1903.11579
1903.11812
1903.11944
1903.11997
1903.12041
1903.12133
1903.12349
1903.12616
1903.12617
1904.00107
1904.00472
1904.00609
1904.01629
1904.01664
1904.01672
1904.01673
1904.01688
1904.01694
1904.01698
1904.01778
1904.01931
1904.02323
1904.02670
1904.02679
1904.02743
1904.02760
1904.03495
1904.03656
1904.03713
1904.03992
1904.04015
1904.04188
1904.04202
1904.04399
1904.04723
1904.04964
1904.05247
1904.05248
1904.05382
1904.05681
1904.06117
1904.06118
1904.06119
1904.06120
1904.06122
1904.06123
1904.06128
1904.06129
1904.06131
1904.06132
1904.06134
1904.06138
1904.06399
1904.06417
1904.06427
1904.06710
1904.06764
1904.07986
1904.08009
1904.08066
1904.08593
1904.09044
1904.09100
1904.09111
1904.09435
1904.09529
1904.09612
1904.10351
1904.10354
1904.11007
1904.11008
1904.11608
1904.11630
1904.11676
1904.11701
1904.12152
1904.12268
1904.12568
1904.12581
1904.13086
1904.13333
1904.13364
1905.00231
1905.00503
1905.00653
1905.01352
1905.01734
1905.01825
1905.01911
1905.01950
1905.02058
1905.02486
1905.02812
1905.02813
1905.02823
1905.02994
1905.03570
1905.03676
1905.04149
1905.04616
1905.04638
1905.05144
1905.05182
1905.05222
1905.05360
1905.05390
1905.05587
1905.05601
1905.05652
1905.05673
1905.05810
1905.05851
1905.06102
1905.06289
1905.06715
1905.06716
1905.06720
1905.06762
1905.06777
1905.06995
1905.07054
1905.07076
1905.07394
1905.07528
1905.07984
1905.08367
1905.08418
1905.08685
1905.08878
1905.08937
1905.08948
1905.08988
1905.09402
1905.09644
1905.09658
1905.10212
1905.10215
1905.10254
1905.10315
1905.10366
1905.10423
1905.10444
1905.10700
1905.11633
1905.11652
1905.11780
1905.11791
1905.11984
1905.12694
1905.13072
1905.13135
1905.13582
1906.00026
1906.00606
1906.00916
1906.01122
1906.01148
1906.01197
1906.01400
1906.01410
1906.01417
1906.01418
1906.01699
1906.01756
1906.01801
1906.02485
1906.02567
1906.02836
1906.03168
1906.03524
1906.03831
1906.04002
1906.04176
1906.04251
1906.04435
1906.04837
1906.05047
1906.05094
1906.05276
1906.05532
1906.05714
1906.06089
1906.07183
1906.07254
1906.07377
1906.07617
1906.07625
1906.07637
1906.07716
1906.07720
1906.07837
1906.07864
1906.08032
1906.08591
1906.08670
1906.08682
1906.08776
1906.08937
1906.08973
1906.09457
1906.09802
1906.09816
1906.09850
1906.09934
1906.10166
1906.10188
1906.10378
1906.10428
1906.10557
1906.10747
1906.10896
1906.11004
1906.11123
1906.11431
1906.11571
1906.11597
1906.11669
1906.11706
1906.11753
1906.11960
1906.12051
1906.12088
1906.12251
1907.00075
1907.00377
1907.00684
1907.00802
1907.00824
1907.00998
1907.01008
1907.01423
1907.01921
1907.01923
1907.01925
1907.01934
1907.02035
1907.02102
1907.02288
1907.02349
1907.02872
1907.03107
1907.03282
1907.03877
1907.03919
1907.04104
1907.04112
1907.04191
1907.04265
1907.04390
1907.04393
1907.04446
1907.04463
1907.04487
1907.04702
1907.04730
1907.04739
1907.05220
1907.05454
1907.05507
1907.05609
1907.05800
1907.06005
1907.06279
1907.06399
1907.07032
1907.07232
1907.07296
1907.07322
1907.07327
1907.07428
1907.07466
1907.07564
1907.07679
1907.07717
1907.07861
1907.08153
1907.08345
1907.08495
1907.08586
1907.08598
1907.08661
1907.08796
1907.08844
1907.08977
1907.09091
1907.09334
1907.09540
1907.09896
1907.09919
1907.10380
1907.10588
1907.10594
1907.10664
1907.10699
1907.10739
1907.10917
1907.11039
1907.11040
1907.11042
1907.11106
1907.11115
1907.11146
1907.11179
1907.11260
1907.11265
1907.11358
1907.11481
1907.11498
1907.11510
1907.11585
1907.11656
1907.11741
1907.11743
1907.11762
1907.12001
1907.12188
1907.12201
1907.12549
1907.12663
1907.12748
1907.13178
1907.13187
1907.13193
1907.13214
1907.13285
1907.13314
1907.13319
1907.13320
1907.13538
1907.13550
1907.13568
1907.13601
1908.00003
1908.00073
1908.00085
1908.00086
1908.00087
1908.00176
1908.00192
1908.00215
1908.00220
1908.00234
1908.00277
1908.00379
1908.00385
1908.00387
1908.00403
1908.00475
1908.00494
1908.00580
1908.00605
1908.00611
1908.00629
1908.00630
1908.00661
1908.00662
1908.00671
1908.00679
1908.00680
1908.00681
1908.00688
1908.00744
1908.00903
1908.01133
1908.01277
1908.01344
1908.01697
1908.01963
1908.02052
1908.02088
1908.02089
1908.02409
1908.02412
1908.02502
1908.02548
1908.02627
1908.02949
1908.03118
1908.03380
1908.03503
1908.03518
1908.03591
1908.04088
1908.04617
1908.05108
1908.05188
1908.05203
1908.05505
1908.06046
1908.06402
1908.06403
1908.06404
1908.06407
1908.06877
1908.06922
1908.07107
1908.07144
1908.07316
1908.07471
1908.07544
1908.07572
1908.07577
1908.07752
1908.07894
1908.08131
1908.08381
1908.08412
1908.08641
1908.08893
1908.09082
1908.09348
1908.09984
1908.10013
1908.10048
1908.10078
1908.10233
1908.10307
1908.10410
1908.10411
1908.10414
1908.10560
1908.10808
1908.10954
1908.11344
1908.11566
1908.11614
1908.11706
1909.00031
1909.00045
1909.00360
1909.00482
1909.00608
1909.00855
1909.00865
1909.01167
1909.01176
1909.01304
1909.01312
1909.01379
1909.01428
1909.01463
1909.01625
1909.01678
1909.01871
1909.02043
1909.02309
1909.02507
1909.02538
1909.02638
1909.02674
1909.02780
1909.02800
1909.02853
1909.02924
1909.02988
1909.03054
1909.03567
1909.03596
1909.03786
1909.03847
1909.04230
1909.04387
1909.04747
1909.04749
1909.04773
1909.04835
1909.05160
1909.05189
1909.05327
1909.05329
1909.05725
1909.05833
1909.06510
1909.06857
1909.06959
1909.06976
1909.07065
1909.07208
1909.07502
1909.08052
1909.08161
1909.08172
1909.08398
1909.08766
1909.08839
1909.08997
1909.09078
1909.09351
1909.09633
1909.09738
1909.09926
1909.10173
1909.10305
1909.10513
1909.10851
1909.11202
1909.11456
1909.11752
1909.11754
1909.11765
1909.11766
1909.11767
1909.12281
1909.13443
1909.13775
1910.00106
1910.00340
1910.00444
1910.01191
1910.01216
1910.01546
1910.01586
1910.01770
1910.01973
1910.01974
1910.01975
1910.01976
1910.02020
1910.02368
1910.02377
1910.03061
1910.03380
1910.03970
1910.04273
1910.04695
1910.04696
1910.04697
1910.04698
1910.04703
1910.04836
1910.04863
1910.05243
1910.05265
1910.05327
1910.05441
1910.05514
1910.05522
1910.05536
1910.05878
1910.05998
1910.06566
1910.06824
1910.06825
1910.07058
1910.07083
1910.07381
1910.07428
1910.07514
1910.07809
1910.08006
1910.08814
1910.08865
1910.09137
1910.09382
1910.09477
1910.09621
1910.09725
1910.09800
1910.10019
1910.10140
1910.10251
1910.10481
1910.10489
1910.11059
1910.11437
1910.11459
1910.11637
1910.11734
1910.12193
1910.12444
1910.12544
1910.13028
1910.13175
1910.13602
1910.13656
1910.13872
1910.14112
1911.00071
1911.00310
1911.00466
1911.00568
1911.00665
1911.00737
1911.00988
1911.01003
1911.01158
1911.01318
1911.01371
1911.01474
1911.01542
1911.02391
1911.02637
1911.02695
1911.02726
1911.02985
1911.03166
1911.03287
1911.03871
1911.04794
1911.05305
1911.05564
1911.05824
1911.05849
1911.06541
1911.06607
1911.06727
1911.06877
1911.07179
1911.07328
1911.07340
1911.07380
1911.07447
1911.07624
1911.07692
1911.07701
1911.07985
1911.08202
1911.08480
1911.08657
1911.09041
1911.09279
1911.09284
1911.09386
1911.09605
1911.09923
1911.09958
1911.10176
1911.10629
1911.10920
1911.11356
1911.11787
1911.11920
1911.12119
1911.12482
1911.12793
1911.13032
1911.13207
1911.13231
1911.13248
1912.00019
1912.00142
1912.00369
1912.00669
1912.00719
1912.01068
1912.01130
1912.01166
1912.01177
1912.01218
1912.01368
1912.01947
1912.02083
1912.02182
1912.02736
1912.02744
1912.02913
1912.03125
1912.03863
1912.04444
1912.04719
1912.04760
1912.04786
1912.04836
1912.04853
1912.05045
1912.05047
1912.05284
1912.06972
1912.06979
1912.07381
1912.07416
1912.07827
1912.08101
1912.08377
1912.08381
1912.08473
1912.08609
1912.08809
1912.09142
1912.09148
1912.09589
1912.10528
1912.10628
1912.10635
1912.10781
1912.11037
1912.11729
1912.11936
1912.12526
1912.12652
1912.12914
1912.13273
2001.00470
2001.00471
2001.00575
2001.00892
2001.01073
2001.01340
2001.01441
2001.01445
2001.01824
2001.01840
2001.01868
2001.02004
2001.02271
2001.02306
2001.02316
2001.02329
2001.02382
2001.02478
2001.02479
2001.02639
2001.02705
2001.02731
2001.02746
2001.02807
2001.02921
2001.02938
2001.02985
2001.03012
2001.03021
2001.03231
2001.03271
2001.03352
2001.03687
2001.03849
2001.03899
2001.04180
2001.04352
2001.04461
2001.04509
2001.04519
2001.04564
2001.04612
2001.04809
2001.04879
2001.04883
2001.05149
2001.05152
2001.05171
2001.05308
2001.05424
2001.05621
2001.05684
2001.05745
2001.05780
2001.05863
2001.05871
2001.06007
2001.06067
2001.06229
2001.06423
2001.06462
2001.06463
2001.06578
2001.06579
2001.06684
2001.06737
2001.06798
2001.07416
2001.07455
2001.07501
2001.07546
2001.07549
2001.07876
2001.07944
2001.08301
2001.08703
2001.08791
2001.08927
2001.09077
2001.09134
2001.09219
2001.09326
2001.09395
2001.09551
2001.09604
2001.09830
2001.09963
2001.10608
2001.10898
2001.11131
2001.11163
2001.11401
2001.11569
2001.11571
2001.11777
2001.11782
2002.00044
2002.00047
2002.00091
2002.00152
2002.00511
2002.00556
2002.00732
2002.00762
2002.00764
2002.00772
2002.00918
2002.00940
2002.01025
2002.01085
2002.01092
2002.01111
2002.01116
2002.01117
2002.01120
2002.01121
2002.01122
2002.01288
2002.01537
2002.01543
2002.01618
2002.01862
2002.02086
2002.02167
2002.02358
2002.02453
2002.02526
2002.02591
2002.02635
2002.03037
2002.03058
2002.03062
2002.03103
2002.03387
2002.03582
2002.03681
2002.03885
2002.04087
2002.04202
2002.04263
2002.04587
2002.04980
2002.05036
2002.05271
2002.05305
2002.05409
2002.05721
2002.05886
2002.05963
2002.06069
2002.06093
2002.06125
2002.06280
2002.06308
2002.06417
2002.06581
2002.06620
2002.06638
2002.06642
2002.06655
2002.06669
2002.07325
2002.07576
2002.07950
2002.07968
2002.08034
2002.08139
2002.08455
2002.08956
2002.09029
2002.09054
2002.09155
2002.09303
2002.09925
2002.09949
2002.10096
2002.10313
2002.10593
2002.10594
2002.10702
2002.10860
2002.10887
2002.10971
2002.11284
2002.11458
2002.11596
2002.11754
2002.11834
2002.12007
2002.12020
2002.12228
2002.12261
2002.12315
2002.12360
2002.12387
2002.12450
2003.00369
2003.00380
2003.00689
2003.00921
2003.00954
2003.00975
2003.01092
2003.01304
2003.01318
2003.01425
2003.01525
2003.02093
2003.02097
2003.02307
2003.02312
2003.02428
2003.02537
2003.02622
2003.02662
2003.02976
2003.02986
2003.03025
2003.03133
2003.03158
2003.03207
2003.03273
2003.03438
2003.03610
2003.04250
2003.04661
2003.04799
2003.04997
2003.05026
2003.05108
2003.05249
2003.05268
2003.05756
2003.05782
2003.05870
2003.05995
2003.06186
2003.06318
2003.06323
2003.06659
2003.07370
2003.07434
2003.07492
2003.09061
2003.09083
2003.09096
2003.09100
2003.09169
2003.09333
2003.09494
2003.09648
2003.10365
2003.10681
2003.10886
2003.10914
2003.11461
2003.11875
2003.12122
2003.12282
2003.12496
2003.12604
2003.13044
2003.13545
2003.13731
2003.13934
2003.14274
2003.14294
2003.14392
2004.00101
2004.00167
2004.00267
2004.00646
2004.01451
2004.01555
2004.01697
2004.01790
2004.01949
2004.01973
2004.02028
2004.02481
2004.02989
2004.03047
2004.03209
2004.03323
2004.03472
2004.03500
2004.04107
2004.04208
2004.04827
2004.04860
2004.05235
2004.05349
2004.05838
2004.05878
2004.05880
2004.05886
2004.06286
2004.06435
2004.06594
2004.06883
2004.06894
2004.07031
2004.07032
2004.07044
2004.07132
2004.07198
2004.07662
2004.07716
2004.07800
2004.07964
2004.07993
2004.08010
2004.08030
2004.08198
2004.08353
2004.08382
2004.09204
2004.09581
2004.09596
2004.09685
2004.09759
2004.09889
2004.10002
2004.10026
2004.10197
2004.10313
2004.10428
2004.10933
2004.11440
2004.11894
2004.11978
2004.12016
2004.12081
2004.12217
2004.12246
2004.12388
2004.12389
2004.12642
2004.12923
2004.12960
2004.13362
2004.13853
2004.13864
2004.13908
2004.14067
2004.14281
2004.14505
2004.14595
2004.14745
2004.15004
2005.00093
2005.00127
2005.00160
2005.00284
2005.00324
2005.00387
2005.00400
2005.00402
2005.00465
2005.00595
2005.00698
2005.01020
2005.01180
2005.01291
2005.01292
2005.01322
2005.01325
2005.01459
2005.01653
2005.01834
2005.01986
2005.02022
2005.02118
2005.02189
2005.02304
2005.02335
2005.02824
2005.02972
2005.03011
2005.03244
2005.03503
2005.03504
2005.03531
2005.03534
2005.03784
2005.03818
2005.04058
2005.04120
2005.04209
2005.04292
2005.04411
2005.04412
2005.04789
2005.04881
2005.05019
2005.05021
2005.05023
2005.05024
2005.05025
2005.05026
2005.05084
2005.05438
2005.05445
2005.05688
2005.05880
2005.06011
2005.06013
2005.06021
2005.06022
2005.06039
2005.06291
2005.06292
2005.06301
2005.06517
2005.06842
2005.07781
2005.07792
2005.07872
2005.08076
2005.08090
2005.08101
2005.08231
2005.08535
2005.08637
2005.08834
2005.08916
2005.08952
2005.09100
2005.09324
2005.09834
2005.09993
2005.10044
2005.10161
2005.10612
2005.10960
2005.11151
2005.11228
2005.11577
2005.11884
2005.11932
2005.11957
2005.11994
2005.12951
2005.13275
2005.13477
2005.13600
2005.13950
2005.14136
2005.14517
2006.00285
2006.00372
2006.00410
2006.00823
2006.00825
2006.00871
2006.01310
2006.01353
2006.01644
2006.01916
2006.01921
2006.02187
2006.02737
2006.03196
2006.03519
2006.03805
2006.03813
2006.03846
2006.03931
2006.04631
2006.04838
2006.04864
2006.04882
2006.05172
2006.05175
2006.05289
2006.05388
2006.05550
2006.05907
2006.05977
2006.06071
2006.06165
2006.06295
2006.06328
2006.06331
2006.07113
2006.07294
2006.07519
2006.09090
2006.09342
2006.09487
2006.09521
2006.09645
2006.09736
2006.10110
2006.10191
2006.10333
2006.10635
2006.10681
2006.10793
2006.10808
2006.10823
2006.11043
2006.11044
2006.11199
2006.11398
2006.11904
2006.12349
2006.12683
2006.12695
2006.12718
2006.13386
2006.13390
2006.13503
2006.13633
2006.13660
2006.13796
2006.13883
2006.13898
2006.13985
2006.14054
2006.14120
2006.14279
2006.14291
2006.14654
2006.14882
2006.15285
2006.15292
2006.15432
2006.15449
2006.15545
2006.15768
2006.16077
2006.16353
2006.16508
2006.16572
2006.16614
2006.16743
2006.16870
2007.00003
2007.00494
2007.00613
2007.00762
2007.01862
2007.02014
2007.02642
2007.02674
2007.02691
2007.02728
2007.02884
2007.03177
2007.03180
2007.03819
2007.04299
2007.04361
2007.04380
2007.04495
2007.04604
2007.04831
2007.04882
2007.05286
2007.05394
2007.05551
2007.05848
2007.05902
2007.06237
2007.06473
2007.06531
2007.07407
2007.07486
2007.08476
2007.08604
2007.08875
2007.08948
2007.09177
2007.09207
2007.09262
2007.09341
2007.09515
2007.09809
2007.09884
2007.10089
2007.10235
2007.10497
2007.10609
2007.10614
2007.10884
2007.10897
2007.11119
2007.11199
2007.11346
2007.11686
2007.11742
2007.12238
2007.12328
2007.12346
2007.12353
2007.12665
2007.13048
2007.13090
2007.13117
2007.13151
2007.13281
2007.13371
2007.13872
2007.13882
2007.14461
2007.14516
2007.14666
2007.14734
2007.14886
2007.14964
2007.15032
2007.15048
2007.15065
2007.15182
2007.15272
2007.15407
2007.15446
2007.15538
2007.15741
2007.15800
2007.15824
2007.15828
2007.15831
2007.15832
2007.15843
2007.16172
2008.00002
2008.00058
2008.00142
2008.00380
2008.01051
2008.01177
2008.01645
2008.01719
2008.01723
2008.01769
2008.01980
2008.01988
2008.02016
2008.02114
2008.02234
2008.02311
2008.02354
2008.02582
2008.03174
2008.03202
2008.03298
2008.03892
2008.03982
2008.04373
2008.04543
2008.04559
2008.04723
2008.05209
2008.05305
2008.05370
2008.05473
2008.05505
2008.05691
2008.05799
2008.05847
2008.05849
2008.05850
2008.05855
2008.05914
2008.06030
2008.06099
2008.06610
2008.06616
2008.06678
2008.06798
2008.06895
2008.07204
2008.07207
2008.07227
2008.07299
2008.07643
2008.07702
2008.07862
2008.07944
2008.08165
2008.08193
2008.08202
2008.08282
2008.08688
2008.08791
2008.08806
2008.09100
2008.09233
2008.09254
2008.09391
2008.09533
2008.09576
2008.09632
2008.09670
2008.09830
2008.09941
2008.10039
2008.10148
2008.10282
2008.10697
2008.10723
2008.10772
2008.10915
2008.11069
2008.11250
2008.11282
2008.11310
2008.11319
2008.11564
2008.11721
2008.11785
2008.11834
2008.11844
2008.11899
2008.11989
2008.12024
2008.12096
2008.12145
2008.12147
2008.12431
2008.12566
2008.12735
2008.12747
2008.13040
2008.13057
2008.13060
2008.13133
2008.13262
2008.13321
2008.13381
2008.13419
2008.13509
2008.13510
2008.13592
2008.13749
2008.13769
2009.00001
2009.00050
2009.00059
2009.00192
2009.00224
2009.00249
2009.00260
2009.00261
2009.00406
2009.00449
2009.00548
2009.00717
2009.00722
2009.00750
2009.00956
2009.01282
2009.01429
2009.01465
2009.01649
2009.01697
2009.01698
2009.01747
2009.01785
2009.01818
2009.01921
2009.01966
2009.02005
2009.02057
2009.02063
2009.02078
2009.02094
2009.02132
2009.02242
2009.02288
2009.02306
2009.02348
2009.02373
2009.02374
2009.02384
2009.02458
2009.02464
2009.02538
2009.02554
2009.02587
2009.02628
2009.02634
2009.02800
2009.02927
2009.02947
2009.02998
2009.03002
2009.03143
2009.03163
2009.03171
2009.03179
2009.03237
2009.03784
2009.03979
2009.03988
2009.04035
2009.04100
2009.04192
2009.04272
2009.04508
2009.04792
2009.05233
2009.05254
2009.05349
2009.05488
2009.05605
2009.05704
2009.05802
2009.05936
2009.06019
2009.06042
2009.06062
2009.06155
2009.06171
2009.06272
2009.06433
2009.06494
2009.06526
2009.06591
2009.06773
2009.06781
2009.06855
2009.06876
2009.07053
2009.07095
2009.07149
2009.07322
2009.07342
2009.07446
2009.07564
2009.07951
2009.08127
2009.08456
2009.08761
2009.09049
2009.09053
2009.09266
2009.09776
2009.09859
2009.10194
2009.10261
2009.10317
2009.10643
2009.10760
2009.11195
2009.11247
2009.11404
2009.11676
2009.11890
2009.12150
2009.12152
2009.12488
2009.12701
2009.12833
2009.12924
2009.12975
2009.13194
2009.13219
2009.13322
2009.13368
2009.13646
2009.13649
2009.13758
2009.13919
2009.14182
2009.14237
2009.14268
2009.14421
2009.14465
2009.14515
2010.00488
2010.00544
2010.00828
2010.00942
2010.00995
2010.01023
2010.01316
2010.01323
2010.01326
2010.01328
2010.01567
2010.01569
2010.01570
2010.01571
2010.01574
2010.01575
2010.01576
2010.01577
2010.01578
2010.01579
2010.01651
2010.01821
2010.01944
2010.02026
2010.02117
2010.02207
2010.02401
2010.02561
2010.03046
2010.03047
2010.03160
2010.03213
2010.03216
2010.03223
2010.03247
2010.03256
2010.03265
2010.03534
2010.03667
2010.03747
2010.03781
2010.04096
2010.04101
2010.04274
2010.04276
2010.04885
2010.05047
2010.05204
2010.05723
2010.05988
2010.06035
2010.06077
2010.06152
2010.06259
2010.06279
2010.06296
2010.06403
2010.06416
2010.06584
2010.06693
2010.06694
2010.07113
2010.07209
2010.07358
2010.07607
2010.07703
2010.07798
2010.07938
2010.08056
2010.08100
2010.08155
2010.08457
2010.08859
2010.09040
2010.09041
2010.09807
2010.09850
2010.09975
2010.10148
2010.10178
2010.10180
2010.10584
2010.10658
2010.10803
2010.10967
2010.11025
2010.11046
2010.11163
2010.11671
2010.11744
2010.11761
2010.11897
2010.11975
2010.11997
2010.12324
2010.12570
2010.13035
2010.13111
2010.13197
2010.13288
2010.13352
2010.13779
2010.13901
2010.14069
2010.14228
2010.14245
2010.14307
2010.15015
2010.15229
2010.15372
2010.16153
2011.00264
2011.00329
2011.00733
2011.00876
2011.00958
2011.01446
2011.01644
2011.01931
2011.02418
2011.02555
2011.02804
2011.02891
2011.02933
2011.03371
2011.03413
2011.03570
2011.03675
2011.03676
2011.03850
2011.03969
2011.05039
2011.05863
2011.06007
2011.06087
2011.06237
2011.06456
2011.06529
2011.06916
2011.07130
2011.07510
2011.07532
2011.07901
2011.07926
2011.08302
2011.08324
2011.09001
2011.09088
2011.09130
2011.09138
2011.09201
2011.09239
2011.09696
2011.09714
2011.09749
2011.09831
2011.09896
2011.09988
2011.10653
2011.10917
2011.11048
2011.11317
2011.11375
2011.11383
2011.11386
2011.11398
2011.11704
2011.11749
2011.12758
2011.13079
2011.13347
2011.13638
2011.13779
2011.13801
2011.14535
2011.14825
2011.15050
2011.15083
2011.15096
2012.00078
2012.00249
2012.00296
2012.00323
2012.00378
2012.00467
2012.00855
2012.00922
2012.00923
2012.00927
2012.01007
2012.01778
2012.01792
2012.02311
2012.02322
2012.02404
2012.02569
2012.02570
2012.02596
2012.02927
2012.02961
2012.02996
2012.03309
2012.03491
2012.03507
2012.03520
2012.03533
2012.03598
2012.03617
2012.03632
2012.04078
2012.04142
2012.04143
2012.04411
2012.04757
2012.05370
2012.05373
2012.05637
2012.06206
2012.06708
2012.06753
2012.06965
2012.07257
2012.07716
2012.08254
2012.08849
2012.09013
2012.09130
2012.09131
2012.09244
2012.09559
2012.09603
2012.10246
2012.10422
2012.10904
2012.10912
2012.10999
2012.11109
2012.11537
2012.11878
2012.11976
2012.11981
2012.12000
2012.12002
2012.12041
2012.12042
2012.12181
2012.12415
2012.12794
2012.13265
2012.13341
2012.13449
2012.13546
2012.13551
2012.13603
2012.13906
2012.13961
2012.14201
2012.14477
2012.14800
2012.15035
2012.15211
2012.15853
2101.00098
2101.00235
2101.00254
2101.00260
2101.00472
2101.00496
2101.00633
2101.00771
2101.00792
2101.00794
2101.00812
2101.00874
2101.01126
2101.01168
2101.01285
2101.01378
2101.01401
2101.01524
2101.01583
2101.01652
2101.01718
2101.01870
2101.01899
2101.02244
2101.02467
2101.02555
2101.02565
2101.02576
2101.02768
2101.02936
2101.03267
2101.03648
2101.03680
2101.03706
2101.03769
2101.04035
2101.04251
2101.04271
2101.04296
2101.04449
2101.04459
2101.04658
2101.04719
2101.04743
2101.04794
2101.04796
2101.04834
2101.04843
2101.04876
2101.04893
2101.04954
2101.05244
2101.05258
2101.05272
2101.05273
2101.05300
2101.05385
2101.05450
2101.05703
2101.05718
2101.05766
2101.06030
2101.06120
2101.06133
2101.06143
2101.06220
2101.06283
2101.06305
2101.06315
2101.06322
2101.06444
2101.06535
2101.06968
2101.07048
2101.07314
2101.07388
2101.07630
2101.07708
2101.07853
2101.07902
2101.07906
2101.07990
2101.07993
2101.07996
2101.07999
2101.08021
2101.08046
2101.08048
2101.08070
2101.08123
2101.08146
2101.08155
2101.08166
2101.08235
2101.08319
2101.08375
2101.08419
2101.08621
2101.08655
2101.08846
2101.08856
2101.08886
2101.09087
2101.09138
2101.09157
2101.09161
2101.09176
2101.09348
2101.09576
2101.09824
2101.09841
2101.09978
2101.09999
2101.10020
2101.10032
2101.10140
2101.10191
2101.10245
2101.10367
2101.10602
2101.10706
2101.11000
2101.11054
2101.11089
2101.11101
2101.11102
2101.11103
2101.11218
2101.11278
2101.11326
2101.11333
2101.11435
2101.11691
2101.11743
2101.11778
2101.11824
2101.11898
2101.11970
2101.12038
2101.12044
2101.12110
2101.12284
2101.12511
2101.12533
2101.12715
2102.00036
2102.00159
2102.00179
2102.00188
2102.00259
2102.00414
2102.00423
2102.00464
2102.00576
2102.00589
2102.00593
2102.01024
2102.01074
2102.01196
2102.01273
2102.01275
2102.01330
2102.01367
2102.01405
2102.01429
2102.01770
2102.01864
2102.01865
2102.02024
2102.02041
2102.02094
2102.02132
2102.02437
2102.02510
2102.02783
2102.02853
2102.03179
2102.03241
2102.03629
2102.03684
2102.03702
2102.03742
2102.03777
2102.03796
2102.03955
2102.03994
2102.04051
2102.04174
2102.04427
2102.04527
2102.04559
2102.04958
2102.05216
2102.05268
2102.05361
2102.05460
2102.05741
2102.05756
2102.05998
2102.06231
2102.06391
2102.06422
2102.06690
2102.07070
2102.07127
2102.07312
2102.07421
2102.07470
2102.07537
2102.07621
2102.07735
2102.07844
2102.07958
2102.08235
2102.08273
2102.08445
2102.08512
2102.08540
2102.08770
2102.08873
2102.08909
2102.09039
2102.09087
2102.09370
2102.09453
2102.09692
2102.09761
2102.09803
2102.09940
2102.10387
2102.10497
2102.10678
2102.10685
2102.10787
2102.11207
2102.11211
2102.11617
2102.11819
2102.12030
2102.12302
2102.12313
2102.12518
2102.12523
2102.12548
2102.12592
2102.12606
2102.12893
2102.13167
2102.13173
2102.13350
2102.13407
2102.13508
2103.00037
2103.00064
2103.00127
2103.00129
2103.00741
2103.00912
2103.00923
2103.01022
2103.01078
2103.01217
2103.01347
2103.01518
2103.01637
2103.01701
2103.01771
2103.02071
2103.02197
2103.02238
2103.02381
2103.02502
2103.02831
2103.02851
2103.02938
2103.03072
2103.03130
2103.03621
2103.03665
2103.03756
2103.03898
2103.03996
2103.04380
2103.04429
2103.04544
2103.04694
2103.04725
2103.04924
2103.04940
2103.05154
2103.05200
2103.05296
2103.05309
2103.05560
2103.05561
2103.05562
2103.05563
2103.05704
2103.05823
2103.05862
2103.05984
2103.06171
2103.06181
2103.06238
2103.06379
2103.06571
2103.06700
2103.06807
2103.06938
2103.07108
2103.07710
2103.07757
2103.07964
2103.07987
2103.08079
2103.08324
2103.08472
2103.08483
2103.08525
2103.08558
2103.09228
2103.10725
2103.10804
2103.11104
2103.11297
2103.12016
2103.12505
2103.12645
2103.12702
2103.12910
2103.13198
2103.14160
2103.14400
2103.14491
2103.14627
2103.14792
2103.14852
2103.14853
2103.14956
2103.14976
2103.15048
2103.15256
2103.15462
2103.15781
2103.15787
2103.15990
2103.16060
2103.16153
2103.16168
2103.16399
2103.16443
2103.16489
2103.16510
2103.16518
2103.16637
2103.16705
2103.17095
2103.17100
2104.00086
2104.00148
2104.00316
2104.00358
2104.00870
2104.01022
2104.01090
2104.01129
2104.01266
2104.01420
2104.01991
2104.02015
2104.02046
2104.02100
2104.02362
2104.02392
2104.02643
2104.02818
2104.03010
2104.03483
2104.03795
2104.03800
2104.03820
2104.03940
2104.04042
2104.04118
2104.04122
2104.04311
2104.04375
2104.04415
2104.04501
2104.04685
2104.04842
2104.04846
2104.04862
2104.04912
2104.04922
2104.05030
2104.05340
2104.05356
2104.05359
2104.05366
2104.05470
2104.05843
2104.05979
2104.06221
2104.06536
2104.06603
2104.06861
2104.06916
2104.07086
2104.07153
2104.07595
2104.07598
2104.07624
2104.07724
2104.07941
2104.08123
2104.08463
2104.08579
2104.08600
2104.09231
2104.09233
2104.09237
2104.10438
2104.10480
2104.10489
2104.10741
2104.10968
2104.11032
2104.11043
2104.11214
2104.11271
2104.11340
2104.11365
2104.11386
2104.11483
2104.11485
2104.11806
2104.11863
2104.12020
2104.12154
2104.12182
2104.12601
2104.12653
2104.12675
2104.12816
2104.12920
2104.12964
2104.13327
2104.13514
2104.13823
2104.13836
2104.13889
2104.14315
2104.14699
2104.14810
2104.14811
2104.14961
2105.00215
2105.00431
2105.00502
2105.00506
2105.00543
2105.00584
2105.01488
2105.01734
2105.01753
2105.01772
2105.01878
2105.01891
2105.01968
2105.02098
2105.02139
2105.02182
2105.02189
2105.02970
2105.02980
2105.03181
2105.03184
2105.03839
2105.04015
2105.04022
2105.04293
2105.04294
2105.04295
2105.04904
2105.04961
2105.05182
2105.05306
2105.05322
2105.05343
2105.05375
2105.05424
2105.05492
2105.05571
2105.05729
2105.05849
2105.06320
2105.06637
2105.06730
2105.07333
2105.07445
2105.07796
2105.08388
2105.08390
2105.08870
2105.08915
2105.08927
2105.08929
2105.09153
2105.09457
2105.09809
2105.10047
2105.10127
2105.10153
2105.10186
2105.10223
2105.10366
2105.10498
2105.10614
2105.10720
2105.10731
2105.10754
2105.10756
2105.10783
2105.10833
2105.11000
2105.11037
2105.11216
2105.11516
2105.11794
2105.11909
2105.12032
2105.12370
2105.12453
2105.12538
2105.12610
2105.12651
2105.12865
2105.12928
2105.12938
2105.12944
2105.12949
2105.13295
2105.14362
2105.14465
2105.14470
2105.14493
2105.14680
2105.14787
2105.14901
2105.15029
2105.15030
2106.00077
2106.00157
2106.00599
2106.00727
2106.00764
2106.00857
2106.00860
2106.00865
2106.00931
2106.01131
2106.01215
2106.01627
2106.01838
2106.01998
2106.02076
2106.02077
2106.02283
2106.02415
2106.02604
2106.03036
2106.03371
2106.03988
2106.04257
2106.04265
2106.04661
2106.04662
2106.04675
2106.04688
2106.05357
2106.05568
2106.05700
2106.05854
2106.06255
2106.06261
2106.06332
2106.06334
2106.06655
2106.06831
2106.06907
2106.07234
2106.07257
2106.07408
2106.08298
2106.08607
2106.08710
2106.08813
2106.08867
2106.09140
2106.09196
2106.09338
2106.09509
2106.09763
2106.09906
2106.09942
2106.10148
2106.10154
2106.10275
2106.10970
2106.11008
2106.11676
2106.11855
2106.11897
2106.12183
2106.12277
2106.12314
2106.12633
2106.12857
2106.12937
2106.13388
2106.13494
2106.13512
2106.13544
2106.13675
2106.13740
2106.13742
2106.13747
2106.13753
2106.13921
2106.14068
2106.14313
2106.14505
2106.14736
2106.14802
2106.14835
2106.14975
2106.15005
2106.15101
2106.15297
2106.15553
2106.15599
2106.15606
2106.15609
2106.15983
2106.16106
2106.16122
2107.00045
2107.00065
2107.00123
2107.00227
2107.00377
2107.00389
2107.00456
2107.00868
2107.01570
2107.01669
2107.01763
2107.01995
2107.01996
2107.02030
2107.02033
2107.02334
2107.02624
2107.02965
2107.03272
2107.03291
2107.03487
2107.03823
2107.03833
2107.04117
2107.04135
2107.04137
2107.04681
2107.04711
2107.04799
2107.05194
2107.05408
2107.05783
2107.06206
2107.06265
2107.06495
2107.06799
2107.06970
2107.07018
2107.07334
2107.07335
2107.07336
2107.07341
2107.07344
2107.07374
2107.07385
2107.07477
2107.07823
2107.07851
2107.07893
2107.07986
2107.08141
2107.08268
2107.08432
2107.08434
2107.08437
2107.08439
2107.08573
2107.08882
2107.09008
2107.09015
2107.09038
2107.09042
2107.09615
2107.09667
2107.09917
2107.09922
2107.10249
2107.10309
2107.10552
2107.10869
2107.10910
2107.11095
2107.11172
2107.11181
2107.11367
2107.11441
2107.11633
2107.11963
2107.12108
2107.12167
2107.12244
2107.12257
2107.12443
2107.12548
2107.12567
2107.12597
2107.12599
2107.12682
2107.12696
2107.12704
2107.12709
2107.12714
2107.12716
2107.13074
2107.13076
2107.13115
2107.13165
2107.13403
2107.13485
2107.13509
2107.13519
2107.13738
2107.13811
2107.13817
2107.13825
2107.13847
2107.13936
2107.14013
2107.14373
2107.14420
2107.14506
2108.00320
2108.00488
2108.00588
2108.00637
2108.00660
2108.00702
2108.00920
2108.01014
2108.01044
2108.01388
2108.01427
2108.01536
2108.01593
2108.01599
2108.01737
2108.01743
2108.01799
2108.01923
2108.01949
2108.02177
2108.02299
2108.02325
2108.02333
2108.02550
2108.02817
2108.02839
2108.02909
2108.03043
2108.03047
2108.03052
2108.03111
2108.03353
2108.03356
2108.03366
2108.03381
2108.03524
2108.03536
2108.03657
2108.03685
2108.03698
2108.03738
2108.03761
2108.03766
2108.04022
2108.04203
2108.04316
2108.04367
2108.04385
2108.04401
2108.04611
2108.04636
2108.04640
2108.04669
2108.04680
2108.04770
2108.04931
2108.04953
2108.05150
2108.05489
2108.05538
2108.05709
2108.05762
2108.05960
2108.06023
2108.06035
2108.06192
2108.06370
2108.06437
2108.06451
2108.06500
2108.06730
2108.06837
2108.06838
2108.07437
2108.07855
2108.07898
2108.08407
2108.08529
2108.08762
2108.08907
2108.09011
2108.09030
2108.09277
2108.09393
2108.09448
2108.09538
2108.09639
2108.09809
2108.09870
2108.10062
2108.10111
2108.10196
2108.10270
2108.10299
2108.10665
2108.10944
2108.11259
2108.11436
2108.11455
2108.11476
2108.11486
2108.11748
2108.11914
2108.12295
2108.12305
2108.12315
2108.12390
2108.12529
2108.12540
2108.12661
2108.13243
2108.13270
2108.13477
2108.13514
2108.13522
2109.00133
2109.00197
2109.00381
2109.01186
2109.01202
2109.01271
2109.01383
2109.01443
2109.01688
2109.01729
2109.02054
2109.02077
2109.02382
2109.02385
2109.02386
2109.02387
2109.02508
2109.02706
2109.02838
2109.02902
2109.03013
2109.03016
2109.03366
2109.03479
2109.03506
2109.03631
2109.03669
2109.03845
2109.04023
2109.04165
2109.04177
2109.04194
2109.04348
2109.04470
2109.04717
2109.04719
2109.04791
2109.04995
2109.05067
2109.05152
2109.05292
2109.05347
2109.05629
2109.05792
2109.05930
2109.06007
2109.06121
2109.06573
2109.06612
2109.06828
2109.06977
2109.07035
2109.07252
2109.07809
2109.07944
2109.08131
2109.08183
2109.08384
2109.08445
2109.08584
2109.08723
2109.08763
2109.09044
2109.09092
2109.09160
2109.09343
2109.09380
2109.09476
2109.09489
2109.09559
2109.09618
2109.09668
2109.10132
2109.10149
2109.10172
2109.10231
2109.10412
2109.10607
2109.10743
2109.10893
2109.10894
2109.10895
2109.10899
2109.11365
2109.11408
2109.11424
2109.11451
2109.11690
2109.11849
2109.12050
2109.12055
2109.12442
2109.12480
2109.12523
2109.12976
2109.13334
2109.13336
2109.13373
2109.13705
2109.13778
2109.13827
2109.13852
2109.14185
2109.14286
2109.14332
2109.14613
2109.14643
2109.14728
2109.14730
2109.14757
2109.14965
2109.14992
2109.15067
2109.15193
2109.15224
2109.15272
2110.00068
2110.00114
2110.00169
2110.00180
2110.00319
2110.00443
2110.00497
2110.00680
2110.00686
2110.00762
2110.00978
2110.01028
2110.01331
2110.01567
2110.01691
2110.01727
2110.01781
2110.01824
2110.02192
2110.02514
2110.02597
2110.02768
2110.02894
2110.02930
2110.03071
2110.03205
2110.03379
2110.03433
2110.03569
2110.03660
2110.03662
2110.04045
2110.04054
2110.04083
2110.04129
2110.04147
2110.04148
2110.04323
2110.04406
2110.04437
2110.04653
2110.04677
2110.04808
2110.04875
2110.04880
2110.04890
2110.04971
2110.05303
2110.05601
2110.05688
2110.05810
2110.05955
2110.06663
2110.06794
2110.07045
2110.07128
2110.07188
2110.07640
2110.07750
2110.07770
2110.07775
2110.07806
2110.08038
2110.08584
2110.08610
2110.08698
2110.08700
2110.08753
2110.09041
2110.09247
2110.09349
2110.09397
2110.09431
2110.10011
2110.10123
2110.10131
2110.10285
2110.11225
2110.11227
2110.11475
2110.11577
2110.11744
2110.11986
2110.12373
2110.12493
2110.12536
2110.12596
2110.12935
2110.13211
2110.13489
2110.13535
2110.13569
2110.14060
2110.14312
2110.14632
2110.14810
2110.14845
2110.14908
2110.14990
2110.15011
2110.15054
2110.15134
2110.15387
2110.15687
2110.15695
2110.15719
2111.00087
2111.00418
2111.00480
2111.00714
2111.00757
2111.00831
2111.01131
2111.01210
2111.01354
2111.01400
2111.01744
2111.02327
2111.02555
2111.02626
2111.02775
2111.02881
2111.03511
2111.03656
2111.03657
2111.03718
2111.03756
2111.03942
2111.03977
2111.03994
2111.04064
2111.04073
2111.04190
2111.04418
2111.04429
2111.04461
2111.04472
2111.04524
2111.04830
2111.04880
2111.04920
2111.05173
2111.05333
2111.05572
2111.05738
2111.05794
2111.05974
2111.06172
2111.06288
2111.06326
2111.06667
2111.06939
2111.07209
2111.07271
2111.07274
2111.07365
2111.08154
2111.08209
2111.08214
2111.08460
2111.08501
2111.08581
2111.08684
2111.08830
2111.09243
2111.09729
2111.09991
2111.10438
2111.10745
2111.11138
2111.11492
2111.12153
2111.12154
2111.12182
2111.12184
2111.12548
2111.12550
2111.12795
2111.12938
2111.13266
2111.13310
2111.13323
2111.13782
2111.14092
2111.14262
2111.14322
2111.14366
2111.14596
2111.14621
2111.14681
2111.14951
2111.15044
2111.15053
2112.00076
2112.00100
2112.00107
2112.00189
2112.00649
2112.00740
2112.00875
2112.01016
2112.01146
2112.01537
2112.01584
2112.01751
2112.01919
2112.01920
2112.01935
2112.02017
2112.02144
2112.02159
2112.02255
2112.02384
2112.02566
2112.02662
2112.03179
2112.03269
2112.03354
2112.03420
2112.03450
2112.03470
2112.03500
2112.03784
2112.03882
2112.04030
2112.04095
2112.04176
2112.04619
2112.05118
2112.05734
2112.05905
2112.05938
2112.05986
2112.06050
2112.06082
2112.06429
2112.06463
2112.06921
2112.06922
2112.07123
2112.07148
2112.07858
2112.07943
2112.07968
2112.08261
2112.08460
2112.08569
2112.08842
2112.08888
2112.08907
2112.09019
2112.09035
2112.09239
2112.09243
2112.09402
2112.10012
2112.10061
2112.10272
2112.10699
2112.10811
2112.10833
2112.10905
2112.11007
2112.11232
2112.11714
2112.11730
2112.11891
2112.12009
2112.12126
2112.12205
2112.12342
2112.12364
2112.12387
2112.12399
2112.12466
2112.12590
2112.12596
2112.12886
2112.12926
2112.13459
2112.13555
2112.13980
2112.14005
2112.14407
2112.14928
2112.15169
2112.15217
2112.15300
2201.00303
2201.00329
2201.00336
2201.00997
2201.01181
2201.01688
2201.01755
2201.01889
2201.01931
2201.02223
2201.02228
2201.02253
2201.02418
2201.02557
2201.02558
2201.02694
2201.02748
2201.02759
2201.02795
2201.02857
2201.02921
2201.02995
2201.03036
2201.03052
2201.03074
2201.03147
2201.03256
2201.03484
2201.03604
2201.03605
2201.03638
2201.03737
2201.03740
2201.03817
2201.04020
2201.04100
2201.04130
2201.04168
2201.04263
2201.04272
2201.04273
2201.04453
2201.04593
2201.04632
2201.04633
2201.04868
2201.04979
2201.04984
2201.05043
2201.05194
2201.05533
2201.05738
2201.05798
2201.05939
2201.05945
2201.05975
2201.05980
2201.06238
2201.06337
2201.06379
2201.06451
2201.06465
2201.06796
2201.06892
2201.06916
2201.07078
2201.07152
2201.07203
2201.07362
2201.07367
2201.07698
2201.07724
2201.07729
2201.08210
2201.08650
2201.08684
2201.08688
2201.08718
2201.09280
2201.09310
2201.09595
2201.09772
2201.09787
2201.09954
2201.09990
2201.10148
2201.10164
2201.10186
2201.10249
2201.10257
2201.10275
2201.10470
2201.10484
2201.10491
2201.10617
2201.10643
2201.10704
2201.11028
2201.11125
2201.11167
2201.11194
2201.11226
2201.11230
2201.11278
2201.11709
2201.11878
2201.12026
2201.12153
2201.12157
2201.12200
2201.12271
2201.12344
2201.12681
2201.12822
2201.12835
2201.13261
2201.13297
2201.13301
2201.13448
2202.00047
2202.00206
2202.00247
2202.00777
2202.00900
2202.00965
2202.01038
2202.01077
2202.01335
2202.01365
2202.01439
2202.01639
2202.01698
2202.01740
2202.02038
2202.02053
2202.02186
2202.02281
2202.02479
2202.02484
2202.02587
2202.02641
2202.02704
2202.02709
2202.02748
2202.02915
2202.02950
2202.02970
2202.03033
2202.03721
2202.03934
2202.03973
2202.04072
2202.04141
2202.04259
2202.04682
2202.04718
2202.04743
2202.04903
2202.05185
2202.05315
2202.05324
2202.05402
2202.05548
2202.05960
2202.05964
2202.06000
2202.06018
2202.06164
2202.06165
2202.06205
2202.06221
2202.06299
2202.06393
2202.06429
2202.06494
2202.06509
2202.06682
2202.06726
2202.06806
2202.06814
2202.06839
2202.06946
2202.07146
2202.07233
2202.07349
2202.07360
2202.07614
2202.07682
2202.07732
2202.07836
2202.07941
2202.08216
2202.08250
2202.08409
2202.08430
2202.08818
2202.08901
2202.08946
2202.08979
2202.09150
2202.09307
2202.09634
2202.09728
2202.09813
2202.09816
2202.09895
2202.09901
2202.10065
2202.10163
2202.10335
2202.10520
2202.10545
2202.10564
2202.10620
2202.10631
2202.10655
2202.10845
2202.10927
2202.10964
2202.11086
2202.11134
2202.11168
2202.11195
2202.11426
2202.11441
2202.11523
2202.11812
2202.11961
2202.12280
2202.12456
2202.12700
2202.12722
2202.12799
2202.12883
2202.12915
2202.12984
2202.13200
2202.13344
2202.13389
2202.13412
2202.13444
2202.13468
2202.14036
2203.00130
2203.00456
2203.00710
2203.00757
2203.00781
2203.00834
2203.00998
2203.01041
2203.01157
2203.01373
2203.01374
2203.01375
2203.01556
2203.01643
2203.01777
2203.01987
2203.02001
2203.02035
2203.02044
2203.02072
2203.02186
2203.02241
2203.02699
2203.02750
2203.03098
2203.03827
2203.03847
2203.03867
2203.03933
2203.03938
2203.04211
2203.04282
2203.04358
2203.04408
2203.04444
2203.05037
2203.05060
2203.05109
2203.05169
2203.05675
2203.05695
2203.05848
2203.06213
2203.06448
2203.06566
2203.07482
2203.07616
2203.08314
2203.08373
2203.08420
2203.08864
2203.08935
2203.09016
2203.09164
2203.09228
2203.09577
2203.09859
2203.10264
2203.10397
2203.10476
2203.10553
2203.10704
2203.10748
2203.10871
2203.11085
2203.11134
2203.11387
2203.11479
2203.12050
2203.12222
2203.12262
2203.12294
2203.12318
2203.12342
2203.12362
2203.12663
2203.12749
2203.12981
2203.13292
2203.13316
2203.13320
2203.13592
2203.13941
2203.14227
2203.14277
2203.14372
2203.15044
2203.15073
2203.15120
2203.15239
2203.15418
2203.15423
2203.15703
2203.15748
2203.15767
2203.15783
2203.15784
2203.15795
2203.15834
2203.16042
2203.16122
2203.16175
2203.16495
2203.16497
2203.16882
2203.17211
2204.00118
2204.00145
2204.00161
2204.00585
2204.00625
2204.00688
2204.00691
2204.00719
2204.00720
2204.00856
2204.01075
2204.01216
2204.01313
2204.01348
2204.01619
2204.01805
2204.01826
2204.01888
2204.02212
2204.02308
2204.02310
2204.02341
2204.02448
2204.02728
2204.02823
2204.02889
2204.03200
2204.03207
2204.03372
2204.03546
2204.03731
2204.04061
2204.04236
2204.04339
2204.04694
2204.04758
2204.04935
2204.05421
2204.05439
2204.05448
2204.05478
2204.05623
2204.05830
2204.05921
2204.05954
2204.06063
2204.06119
2204.06277
2204.06289
2204.06377
2204.06382
2204.06809
2204.06821
2204.06916
2204.06945
2204.06946
2204.06969
2204.07038
2204.07121
2204.07641
2204.07644
2204.07666
2204.07741
2204.07749
2204.07751
2204.07865
2204.07876
2204.07886
2204.07897
2204.07899
2204.07900
2204.08033
2204.08156
2204.08193
2204.08383
2204.08437
2204.08471
2204.08559
2204.08566
2204.08664
2204.08676
2204.08805
2204.08859
2204.08894
2204.09007
2204.09082
2204.09115
2204.09162
2204.09524
2204.09548
2204.09588
2204.09622
2204.09745
2204.09780
2204.09821
2204.09904
2204.09919
2204.10058
2204.10152
2204.10191
2204.10221
2204.10325
2204.10393
2204.10464
2204.10652
2204.10806
2204.10814
2204.10853
2204.10854
2204.10857
2204.10858
2204.10949
2204.11119
2204.11247
2204.11367
2204.11405
2204.12062
2204.12071
2204.12230
2204.12274
2204.12425
2204.12553
2204.12645
2204.12860
2204.12897
2204.12917
2204.13043
2204.13065
2204.13156
2204.13194
2204.13217
2204.13480
2204.13494
2204.13546
2204.13698
2204.13755
2204.13812
2204.13828
2204.13842
2204.13872
2204.13895
2204.13900
2204.13955
2204.14267
2205.00079
2205.00111
2205.00182
2205.00188
2205.00189
2205.00191
2205.00287
2205.00323
2205.00355
2205.00501
2205.00629
2205.00755
2205.00757
2205.00774
2205.00809
2205.00931
2205.00980
2205.01263
2205.01333
2205.01418
2205.01467
2205.01624
2205.01756
2205.01851
2205.01904
2205.02041
2205.02135
2205.02227
2205.02437
2205.02549
2205.02713
2205.02793
2205.02894
2205.02987
2205.03183
2205.03324
2205.03398
2205.03540
2205.03963
2205.04017
2205.04149
2205.04251
2205.04315
2205.04357
2205.04557
2205.04561
2205.04802
2205.04831
2205.04845
2205.04917
2205.04966
2205.04977
2205.04993
2205.05057
2205.05126
2205.05424
2205.05661
2205.05682
2205.05712
2205.05749
2205.05758
2205.05953
2205.06110
2205.06113
2205.06116
2205.06200
2205.06887
2205.06890
2205.06919
2205.06920
2205.06922
2205.06935
2205.06937
2205.07041
2205.07108
2205.07204
2205.07333
2205.07510
2205.07671
2205.07722
2205.07881
2205.07882
2205.08076
2205.08264
2205.08489
2205.08783
2205.08928
2205.09151
2205.09257
2205.09416
2205.09534
2205.09693
2205.09696
2205.09701
2205.09858
2205.09978
2205.10425
2205.10466
2205.10894
2205.11004
2205.11014
2205.11300
2205.11613
2205.11614
2205.11795
2205.11911
2205.11963
2205.12265
2205.12535
2205.13220
2205.13570
2205.14191
2205.14409
2205.14528
2205.14529
2205.14641
2205.14822
2205.15110
2205.15133
2205.15163
2205.15476
2205.15833
2206.00035
2206.00103
2206.00104
2206.00533
2206.00877
2206.01421
2206.01493
2206.01587
2206.01678
2206.01966
2206.01978
2206.02256
2206.02332
2206.02436
2206.02562
2206.02742
2206.02784
2206.02904
2206.02923
2206.02960
2206.03077
2206.03189
2206.03450
2206.03556
2206.03560
2206.03580
2206.03869
2206.04293
2206.04386
2206.04480
2206.04487
2206.04767
2206.04875
2206.05030
2206.05053
2206.05061
2206.05182
2206.05312
2206.05522
2206.05687
2206.06128
2206.07210
2206.07506
2206.07555
2206.07748
2206.07918
2206.08076
2206.08703
2206.08705
2206.08930
2206.08931
2206.09275
2206.09480
2206.09535
2206.09542
2206.09570
2206.09613
2206.09765
2206.09910
2206.10212
2206.10249
2206.10273
2206.10309
2206.10326
2206.10352
2206.10390
2206.10967
2206.10987
2206.10990
2206.11027
2206.11035
2206.11136
2206.11354
2206.11843
2206.11899
2206.12118
2206.12340
2206.12390
2206.12540
2206.12922
2206.12947
2206.13213
2206.14401
2206.14568
2206.14863
2206.14932
2206.15000
2206.15021
2206.15037
2206.15149
2206.15363
2207.00006
2207.00007
2207.00008
2207.00189
2207.00484
2207.00497
2207.00642
2207.00798
2207.00896
2207.01092
2207.01529
2207.01596
2207.01920
2207.01995
2207.02212
2207.02292
2207.02299
2207.02300
2207.02308
2207.02310
2207.02325
2207.02353
2207.02736
2207.02916
2207.02996
2207.03170
2207.03217
2207.03306
2207.03350
2207.03355
2207.03405
cs/0005028
cs/0101012
cs/0101029
cs/0101035
cs/0102028
cs/0110006
cs/0111007
cs/0111024
cs/0111025
cs/0204030
cs/0205053
cs/0205054
cs/0205055
cs/0207013
cs/0210014
cs/0211037
cs/0304001
cs/0304002
cs/0305003
cs/0306087
cs/0309001
cs/0310011
cs/0310013
cs/0311006
cs/0312010
cs/0312016
cs/0312017
cs/0401007
cs/0402001
cs/0402036
cs/0405045
cs/0405078
cs/0405108
cs/0405109
cs/0409041
cs/0409042
cs/0410063
cs/0412074
cs/0505011
cs/0505064
cs/0507019
cs/0508041
cs/0508042
cs/0510034
cs/0601021
cs/0601025
cs/0603121
cs/0604102
cs/0604103
cs/0605122
cs/0605147
cs/0606007
cs/0606017
cs/0606107
cs/0607072
cs/0608083
cs/0611014
cs/0611042
cs/0611151
cs/0611152
cs/0611153
cs/0611154
cs/0611158
cs/0611159
cs/0612002
cs/0612004
cs/0612005
cs/0612006
cs/0612008
cs/0612009
cs/0612010
cs/0612016
cs/0612017
cs/0612018
cs/0612021
cs/0612022
cs/0612023
cs/0612046
cs/0612047
cs/0612081
cs/0612090
cs/0701199
cs/0702001
cs/0702002
cs/0702003
cs/0702004
cs/0702005
cs/0702006
cs/0703008
cs/0703009
cs/0703044
cs/0703070
cs/9809119
cs/9811026
cs/9812015
cs/9812023
cs/9903019
