0
0
0
0
2
67
1
0
1
0
17
0
0
0
0
0
0
0
0
0
0
0
0
0
0
0
0
0
135
0
0
235
0
0
1
10
0
0
0
0
1
0
0
0
95
0
71
22
0
0
0
0
0
0
0
0
0
0
19
0
53
0
0
1
2
175
0
0
0
0
0
0
0
3
2
35
41
1
0
4
0
0
0
0
0
0
4
12
0
0
7
1
0
21
0
7
0
0
0
0
0
0
0
87
0
34
0
3
0
2
8
0
5
0
41
5
19
10
0
0
0
0
0
0
0
0
164
0
0
0
1
0
0
0
0
30
17
0
12
27
325
0
0
0
0
11
0
0
0
0
2
70
0
8
8
23
0
1
3
24
1
17
50
0
0
1
0
238
0
0
37
0
10
105
0
0
0
6
0
0
0
0
40
1
6
1
0
0
0
0
1
17
0
0
1
16
0
0
0
21
53
0
0
0
0
147
540
1
0
0
12
4
0
8
2
0
0
0
0
8
22
0
0
12
0
1
0
0
88
0
0
0
0
2
0
0
0
0
0
0
0
0
0
2
0
0
0
0
0
0
0
0
0
0
4
1
0
0
0
0
0
14
0
0
0
0
0
0
0
0
0
0
0
0
3
0
0
0
0
0
12
0
0
0
0
0
0
2
0
0
4
1
266
0
7
0
0
0
0
6
0
779
0
0
0
0
0
1
10
75
0
0
0
0
0
13
0
0
62
0
8
0
0
0
2
0
137
4
9
0
0
0
0
0
0
4
0
0
0
0
10
0
29
1
0
0
0
0
0
0
0
0
0
0
0
0
0
3
0
0
1
24
67
0
0
252
864
117
2
0
0
1
3
0
6
0
4
35
0
0
0
0
0
0
0
0
0
0
451
0
0
0
0
8
0
0
0
0
0
3
1
2
0
0
0
0
0
0
34
0
0
0
27
0
0
2
0
0
0
0
0
0
129
0
0
0
0
2
235
0
60
61
0
0
0
0
0
0
0
10
0
5
0
0
0
0
0
0
0
0
0
50
3
0
0
0
0
0
0
0
0
1
0
0
655
75
0
0
0
0
0
0
0
0
0
3
0
0
2
0
0
0
0
0
0
0
0
0
3
0
0
0
0
0
0
0
0
0
0
0
0
0
0
0
0
8
0
0
0
0
0
0
0
21
0
1
0
0
0
0
0
0
0
0
0
0
0
0
0
0
0
3
0
0
3
0
0
0
0
0
0
0
30
0
0
12
0
0
5
0
122
223
0
0
10
0
1
0
0
0
0
0
0
0
0
1
0
14
0
2
7
0
0
0
0
0
0
0
0
0
6
1
0
0
2
0
0
0
0
0
3
0
0
0
525
1
104
7
974
2
0
158
0
1
0
0
0
387
26
39
17
0
2
0
810
0
45
357
0
0
5
1
12
0
0
42
0
0
0
0
61
0
0
0
0
1
0
0
0
0
5
0
0
0
9
0
0
0
0
0
0
0
0
113
11
0
0
0
0
0
26
0
0
8
0
0
0
0
0
39
0
104
0
0
0
7
10
0
0
0
1
834
97
1
1
488
2
0
0
16
0
0
0
0
0
0
0
0
0
0
1263
1
56
2
14
241
0
0
10
59
0
0
1
0
51
32
5
440
178
0
0
0
0
0
0
0
0
0
0
0
0
0
0
0
0
897
0
0
0
0
1
0
3
170
22
163
44
27
1153
27
387
0
3
0
0
0
0
1
0
2
0
55
0
0
0
0
0
19
93
1
5
542
0
764
2
596
584
1
0
542
0
177
921
0
68
521
90
4
0
91
0
0
23
7
3
232
22
158
0
8
634
0
0
0
18
8
921
10
0
0
0
0
0
0
0
0
0
0
97
0
0
2772
0
0
0
7
310
0
5650
0
0
116
4
141
420
0
0
0
0
0
0
67
0
0
0
0
3
0
8
0
0
0
0
4
32
0
0
36
153
0
23
0
1
437
420
0
0
0
127
3
2
0
18
3
67
47
0
13
127
0
0
0
104
66
0
26
0
156
0
0
4
175
0
64
0
637
12
0
0
0
1249
138
0
1
22
0
0
0
0
0
0
0
0
0
0
0
0
0
0
0
0
0
0
0
0
0
0
0
0
0
0
0
0
0
0
0
0
0
0
0
0
0
0
0
0
0
0
0
0
0
0
2
0
2
0
0
0
0
0
0
0
0
2
0
0
0
0
0
0
0
0
0
0
0
0
0
0
0
2
0
0
2
0
0
0
0
0
0
0
0
0
0
0
0
0
0
0
0
0
0
0
0
0
0
0
0
0
0
0
0
0
0
0
0
0
0
0
0
0
0
0
0
0
0
0
0
0
0
0
0
0
0
0
0
0
0
0
0
0
0
0
0
0
0
0
0
0
0
0
0
0
0
0
0
0
0
0
0
0
0
0
0
0
0
0
0
0
0
0
0
0
0
0
0
0
0
0
0
0
0
0
0
0
0
0
0
0
2
0
0
0
0
0
0
0
0
0
0
0
0
0
0
2
0
2
0
0
0
0
0
0
2
0
0
0
0
0
0
0
0
0
0
0
0
0
0
0
0
0
0
0
0
0
0
0
0
0
0
0
0
0
0
0
0
0
0
0
0
0
0
0
0
0
0
0
0
0
0
0
0
0
0
0
0
0
0
0
0
0
0
0
0
0
0
0
0
0
0
0
0
0
0
0
0
0
0
0
0
0
0
0
0
0
0
0
0
0
0
0
0
0
0
0
0
0
0
0
0
0
0
0
0
0
0
0
0
0
0
0
0
0
0
0
0
0
2
0
0
0
0
0
2
0
0
0
0
0
0
0
0
0
0
2
0
0
0
0
0
0
0
0
0
0
0
0
0
0
0
0
0
0
0
0
0
0
0
0
0
0
0
0
0
0
0
0
0
0
0
0
0
0
0
0
0
0
0
0
0
0
0
0
0
0
0
0
0
0
0
0
0
0
0
0
0
0
0
0
0
0
0
0
0
0
0
0
0
0
0
0
0
0
0
2
0
0
0
0
0
0
0
0
0
0
0
0
0
0
0
0
0
0
0
0
0
0
0
0
2
0
0
0
0
0
0
0
0
0
0
0
0
0
0
0
0
0
0
0
0
0
2
0
0
0
0
0
0
0
0
0
0
0
0
0
0
0
0
0
0
0
0
0
0
0
0
0
0
0
0
0
0
0
0
0
0
0
0
0
0
0
0
0
0
0
0
0
0
0
0
0
0
0
0
0
0
0
0
0
0
0
0
0
0
0
0
0
0
0
0
0
0
0
0
0
0
0
0
0
0
0
0
0
0
0
0
0
0
0
0
0
0
0
0
0
0
0
0
0
0
0
0
0
0
0
0
0
0
0
0
0
0
0
0
0
0
0
0
0
0
0
0
0
0
0
0
0
0
0
0
0
0
0
0
0
0
0
0
0
0
0
0
0
0
